odin/1000000: 0.000145
idavolde/1000000: 0.000451
